0 12264.81447687784 7582.051626265399 22447.934940556104 13543.282388563797 3825.507850182062 15346.065321269587 13354.977679008749 8089.100354556172 9390.348638343363 
12264.81447687784 0 11927.02714333061 11291.192235663206 4543.0752437745095 8759.56716039072 6952.426860944821 6526.012082853171 4615.485528668921 7903.291385243413 
7582.051626265399 11927.02714333061 0 23216.993748614015 10416.042038884345 8435.985915792173 17766.106009604253 9010.159267437723 10149.126747916087 4623.214016450698 
22447.934940556104 11291.192235663206 23216.993748614015 0 14063.96705320756 18628.023444466464 7719.722267859894 16307.441143907867 14418.55945053229 19042.84108439597 
13543.282388563797 4543.0752437745095 10416.042038884345 14063.96705320756 0 10851.658060439502 11347.868148459742 2268.7489792538922 7788.239070152997 5794.9612916754695 
3825.507850182062 8759.56716039072 8435.985915792173 18628.023444466464 10851.658060439502 0 11553.557547740433 11213.730384498842 4340.750318235988 8168.582889828194 
15346.065321269587 6952.426860944821 17766.106009604253 7719.722267859894 11347.868148459742 11553.557547740433 0 13451.966425767596 7813.018056188118 14428.808279344386 
13354.977679008749 6526.012082853171 9010.159267437723 16307.441143907867 2268.7489792538922 11213.730384498842 13451.966425767596 0 8908.714076970182 4508.679392852789 
8089.100354556172 4615.485528668921 10149.126747916087 14418.55945053229 7788.239070152997 4340.750318235988 7813.018056188118 8908.714076970182 0 7676.835935869722 
9390.348638343363 7903.291385243413 4623.214016450698 19042.84108439597 5794.9612916754695 8168.582889828194 14428.808279344386 4508.679392852789 7676.835935869722 0 
