0 1421926.994877382 1368507.0829135613 152404.42560763579 609621.5372261811 727460.9989835381 1409358.4603413492 656757.321929124 1322942.085013336 102127.44251839997 817018.9899191295 3142.382846719983 543631.4386420612 1162681.4110740435 36137.402737280005 1341796.5669030845 59705.274087679914 212109.75289803 749457.6985115783 1128115.1689585522 865725.9674455039 111554.59105856017 58132.85620175017 692894.7568680468 86414.32702351587 600194.3802855926 653614.9362822612 427363.16970813554 582911.2592278469 270243.8873649929 1308801.223596025 1327655.7054857733 331520.4074788185 1181535.7249552207 122551.76196243864 1118688.0120179637 119409.37631557582 738459.3487475582 15711.914233599997 1107689.6622539435 149262.03996077293 474498.9544110784 562485.7525232384 323664.4433616614 449359.8692361756 23567.871350399993 787166.3262739324 381798.5778286242 116266.99066871298 1055840.2990807067 87985.51984694728 488639.6898219612 370800.22806460416 746315.3128647153 934858.4516764865 1332369.3259582103 846871.6535643266 1337082.9464306475 64418.84835776002 625333.4654604954 1164252.603897475 790308.7119207953 733745.7702772638 166545.1610185187 318950.86489136715 469785.3759407842 50276.89208459308 1412500.8739896407 490210.8826453926 617477.5013433382 1168966.182367769 199540.21031057867 208967.36725116716 37708.59416064004 252960.76630724716 1403073.6330447665 1359079.841968687 89556.7126703787 641045.3936948096 350374.7213599957 36136.156673710146 1286805.6441251263 1049555.5277869808 1084121.7699024722 1101404.890960218 380227.38500519283 650472.5506353982 202682.59595744152 14139.457145670327 812305.4114488353 232535.25960263863 593909.6089918669 1313514.8440684618 652043.7434588297 699179.5281617725 813876.6042722667 986707.8148497237 595480.8018152983 1120259.204841395 883009.0885032495 
1421926.994877382 0 53419.91196399569 1269522.569269747 812305.457651207 694465.9958938523 12568.534536803965 765169.672948265 98984.90986413638 1524054.4373957813 604908.0049582635 1418784.612030662 878295.5562353258 259245.58380337572 1458064.3976146616 80130.42797441136 1481632.2689650615 1209817.2419793534 672469.296365813 293811.8259188617 556201.027431891 1533481.5859359414 1363794.138675632 729032.2380093429 1335512.6678538665 821732.6145917953 768312.0585951277 994563.8251692498 839015.7356495408 1151683.107512391 113125.77128143526 94271.28939170424 1090406.5873985658 240391.2699222022 1299375.232914944 303238.982859449 1302517.6185618069 683467.6461298326 1437638.909110982 314237.33262346766 1272664.95491661 947428.0404663075 859441.2423541489 1098262.5515157229 972567.1256412101 1445494.8662277819 634760.6686034597 1040128.4170487606 1305660.0042086695 366086.69579669944 1333941.4750304352 933287.3050554249 1051126.7668127806 675611.6820126757 487068.5432009112 89557.66891927263 575055.3413130675 84844.04844684163 1486345.8432351416 796593.5294168929 257674.39097994455 631618.2829565969 688181.2246001269 1255381.8338588641 1102976.129986017 952141.6189366017 1371650.102792789 9426.120888772539 931716.1122319936 804449.49353405 252960.81250965115 1222386.7845668045 1212959.627626216 1459635.5890380219 1168966.2285701365 18853.36183312679 62847.15290884234 1332370.2822070036 780881.6011825791 1071552.2735173889 1385790.8382036719 135121.35075233495 372371.46709042456 337805.2249749364 320522.1039171926 1041699.609872192 771454.4442419906 1219244.3989199416 1407787.5377317115 609621.5834285576 1189391.735274745 828017.3858855208 108412.15080900192 769883.2514185591 722747.4667156173 608050.3906051263 435219.18002767704 826446.1930620895 301667.79003601783 538917.906374146 
1368507.0829135613 53419.91196399569 0 1216102.6573059254 758885.5456873802 641046.0839300232 40851.37742778806 711749.7609844374 45564.99790022515 1470634.5254319613 551488.0929944318 1365364.7000668414 824875.6442715002 205825.6718395182 1404644.4856508414 26710.51601047681 1428212.3570012413 1156397.3300155313 619049.3844019833 240391.91395500954 502781.11546805763 1480061.6739721214 1310374.2267118113 675612.3260455147 1282092.7558900455 768312.7026279689 714892.1466313002 941143.9132054258 785595.8236857145 1098263.1955485686 59705.85931753641 40851.37742778806 1036986.6754347428 186971.35795834113 1245955.3209511226 249819.0708955981 1249097.7065979855 630047.7341660032 1384218.9971471613 260817.42065961807 1219245.0429527883 894008.1285024829 806021.3303903231 1044842.6395519 919147.2136773858 1392074.9542639614 581340.7566396289 986708.5050849371 1252240.0922448484 312666.7838328551 1280521.563066614 879867.3930916002 997706.8548489572 622191.7700488461 433648.6312370749 36137.756955350975 521635.4293492348 31424.136482913895 1432925.9312713214 743173.6174530658 204254.47901608679 578198.3709927661 634761.3126362975 1201961.9218950425 1049556.2180221942 898721.7069727771 1318230.1908289683 43993.791076079455 878296.2002681687 751029.5815702231 199540.9005457925 1168966.8726029827 1159539.7156623942 1406215.6770742014 1115546.3166063142 34566.55013120528 9427.240944874166 1278950.3702431826 727461.6892187517 1018132.3615535656 1332370.9262398512 81701.43878843618 318951.5551265808 284385.31301108946 267102.19195334375 988279.6979083685 718034.5322781631 1165824.4869561198 1354367.625767891 556201.6714647261 1135971.8233109228 774597.4739216944 54992.23884509931 716463.3394547317 669327.5547517888 554630.4786412948 381799.2680638378 773026.2810982631 248247.87807216667 485497.994410312 
152404.42560763579 1269522.569269747 1216102.6573059254 0 457217.1116185453 575056.5733759024 1256954.0347337136 504352.8963214882 1170537.6594057004 254531.86812603576 664614.5643114938 149262.0427609158 391227.0130344254 1010276.9854664077 188541.82834491576 1189392.1412954486 212109.69969531568 59705.32729039424 597053.2729039424 975710.7433509163 713321.5418378679 263959.01666619594 94271.56940588563 540490.3312604111 65990.09858411991 447789.9546779568 501210.5106746254 274958.7441004998 430506.83362021105 117839.46175735707 1156396.7979883892 1175251.2798781374 179115.98187118274 1029131.299347585 29852.66364519712 966283.5864103278 32995.04929205996 586054.9231399224 168116.33984123578 955285.2366463079 3142.385646862838 322094.52880344266 410081.3269156026 171260.01775402564 296955.4436285398 175972.29695803576 634761.9006662966 229394.15222098847 36137.434938922794 903435.8734730708 64418.9057606885 336235.26421432546 218395.80245696838 593910.8872570795 782454.0260688508 1179964.9003505746 694467.227956691 1184678.5208230116 216823.27396539578 472929.0398528597 1011848.1782898391 637904.2863131595 581341.3446696281 14140.735410882933 166546.43928373136 317380.9503331484 102127.53352304272 1260096.4483820049 337806.45703775686 465073.0757357024 1016561.7567601334 47135.784702942896 56562.941643531405 190113.01976827582 100556.34069961138 1250669.2074371309 1206675.4163610514 62847.71293725708 488640.9680871739 197970.29575235993 116268.26893392565 1134401.2185174904 897151.1021793451 931717.3442948364 949000.465352582 227822.95939755705 498068.1250277625 50278.170349805725 138264.9684619655 659900.9858411995 80130.83399500286 441505.1833842312 1161110.4184608262 499639.3178511939 546775.1025541368 661472.1786646309 834303.389242088 443076.3762076626 967854.7792337593 730604.6628956137 
609621.5372261811 812305.457651207 758885.5456873802 457217.1116185453 0 117839.46175735707 799736.9231151682 47135.784702942896 713320.5477871551 711748.979744581 207397.45269294843 606479.1543794611 65990.09858411991 553059.8738478624 645758.9399634611 732175.0296769035 669326.811313861 397511.7843281511 139836.16128539701 518493.631732371 256104.43021932268 721176.1282847413 551488.6810244309 83273.21964186568 523207.21020266524 9427.156940588513 43993.39905608005 182258.36751804556 26710.277998334284 339377.64986118826 699179.6863698439 718034.1682595923 278101.12974736263 571914.1877290396 487069.7752637425 509066.4747917825 490212.1609106053 128837.81152137708 625333.4514597812 498068.12502776243 460359.49726540816 135122.58281510268 47135.78470294273 285957.0938645197 160261.66799000555 633189.408576581 177544.7890477513 227822.95939755687 493354.54655746813 446218.76185452536 521636.01737923385 120981.84740421991 238821.30916157697 136693.7756385342 325236.91445030546 722747.7887320293 237250.11633814554 727461.4092044664 674040.3855839411 15711.928234314353 554631.0666712938 180687.17469461414 124124.23305108275 443076.3762076624 290670.672334814 139836.16128539693 559344.6451415881 802879.3367634597 119410.65458078848 7855.964117157094 559344.6451415881 410081.32691560243 400654.16997501394 647330.1313868212 356660.77091893397 793452.0958185855 749458.3047425061 520064.8245558024 31423.85646862854 259246.8158661854 573485.380552471 677184.106898945 439933.99056079966 474500.2326762911 491783.3537340367 229394.1522209883 40851.013409217136 406938.9412687396 595482.0800805108 202683.87422265412 377086.2776235425 15711.928234314188 703893.3068422809 42422.206232648554 89557.99093559137 204255.06704608555 377086.2776235426 14140.73541088277 510637.6676152139 273387.5512770684 
727460.9989835381 694465.9958938523 641046.0839300232 575056.5733759024 117839.46175735707 0 681897.4613578113 70703.67705441418 595481.086029798 829588.4415019382 89557.99093559137 724318.6161368182 183829.560341477 435220.4120905053 763598.4017208181 614335.5679195464 787166.2730712182 515351.24608550814 21996.699528039946 400654.16997501394 138264.9684619656 839015.5900420983 669328.142781788 34566.242115491375 641046.6719600223 127266.61869794558 73846.06270127701 300097.82927540265 144549.73975569135 457217.1116185453 581340.2246124868 600194.7065022351 395940.5915047197 454074.72597168246 604909.2370210995 391227.0130344254 608051.6226679623 10998.349764020013 743172.9132171381 380228.6632704053 578198.9590227653 252962.04457245974 164975.2464602998 403796.5556218768 278101.12974736263 751028.8703339382 59705.32729039424 345662.42115491396 611194.0083148252 328379.30009716825 639475.479136591 238821.30916157697 356660.770918934 18854.31388117711 207397.4526929484 604908.3269746721 119410.65458078848 609621.9474471094 791879.8473412982 102127.53352304272 436791.60491393675 62847.71293725708 6284.771293725676 560915.8379650195 408510.13409217104 257675.623042754 677184.106898945 685039.8750061027 237250.11633814554 109983.49764019997 441505.183384231 527920.7886729595 518493.631732371 765169.5931441783 474500.232676291 675612.6340612285 631618.842985149 637904.2863131595 86415.60528872853 377086.2776235425 691324.842309828 559344.6451415881 322094.52880344255 356660.77091893397 373943.8919766797 347233.61397834535 76988.44834813994 524778.4030260966 713321.5418378679 84844.41246529706 494925.7393808995 133551.38999167125 586053.8450849239 75417.25552470851 28281.470821765703 86415.60528872849 259246.8158661855 131980.19716823983 392798.20585785684 155548.0895197113 
1409358.4603413492 12568.534536803965 40851.37742778806 1256954.0347337136 799736.9231151682 681897.4613578113 0 752601.1384122254 86416.37532801321 1511485.9028597495 592339.47042222 1406216.0774946294 865727.0216992882 246677.0492673062 1445495.8630786294 67561.89343826487 1469063.7344290293 1197248.7074433193 659900.7618297713 281243.2913827975 543632.4928958457 1520913.0513999097 1351225.6041395993 716463.7034733027 1322944.1333178335 809164.0800557568 755743.5240590882 981995.2906332138 826447.2011135025 1139114.5729763564 100557.23674532447 81702.75485557612 1077838.0528625308 227822.7353861291 1286806.6983789108 290670.4483233861 1289949.0840257735 670899.1115937913 1425070.3745749493 301668.79808740603 1260096.4203805765 934859.5059302709 846872.7078181109 1085694.0169796878 959998.5911051738 1432926.3316917494 622192.1340674171 1027559.8825127251 1293091.4696726364 353518.1612606431 1321372.940494402 920718.7705193881 1038558.2322767453 663043.1474766342 474500.00866486295 76989.13438313903 562486.8067770228 72275.51391070195 1473777.3086991094 784024.9948808539 245105.85644387474 619049.7484205542 675612.6900640856 1242813.2993228305 1090407.5954499822 939573.0844005651 1359081.5682567563 3142.4136482913905 919147.5776959567 791880.9589980112 240392.27797358047 1209818.2500307707 1200391.0930901822 1447067.0545019894 1156397.6940341021 6284.8272965827755 50278.61837266223 1319801.7476709706 768313.0666465397 1058983.7389813536 1373222.3036676391 122552.81621622383 359802.9325543688 325236.69043887744 307953.56938113173 1029131.0753361565 758885.9097059511 1206675.8643839078 1395219.003195679 597053.0488925143 1176823.2007387108 815448.8513494824 95843.61627288738 757314.7168825197 710178.9321795771 595481.8560690829 422650.6454916259 813877.6585260511 289099.2554999546 526349.3718381001 
656757.321929124 765169.672948265 711749.7609844374 504352.8963214882 47135.784702942896 70703.67705441418 752601.1384122254 0 666184.7630842122 758884.764447524 160261.66799000555 653614.939082404 113125.88328706281 505924.0891449195 692894.724666404 685039.2449739606 716462.5960168039 444647.569031094 92700.37658245412 471357.8470294281 208968.64551637977 768311.9129876841 598624.4657273738 36137.434938922794 570342.9949056081 56562.941643531405 3142.385646862838 229394.15222098847 73846.06270127717 386513.4345641312 652043.901666901 670898.3835566493 325236.9144503055 524778.4030260966 534205.5599666854 461930.6900888396 537347.9456135482 81702.02681843418 672469.236162724 450932.3403248195 507495.28196835105 182258.36751804556 94271.56940588563 333092.8785674626 207397.45269294843 680325.193279524 130409.00434480842 274958.7441004998 540490.3312604111 399082.9771515824 568771.8020821768 168117.6321071628 285957.09386451985 89557.99093559128 278101.1297473626 675612.0040290863 190114.33163520266 680325.6245015236 721176.1702868841 31423.85646862854 507495.2819683509 133551.38999167125 76988.44834813985 490212.1609106053 337806.45703775686 186971.94598833984 606480.429844531 755743.5520605168 166546.43928373136 39279.8205857858 512208.86043864524 457217.1116185453 447789.9546779568 694465.9160897641 403796.55562187685 746316.3111156425 702322.5200395632 567200.6092587453 15711.928234314353 306382.6005691283 620621.1652554139 630048.3221960022 392798.2058578568 427364.4479733482 444647.56903109385 276529.9369239312 6284.7712937257575 454074.72597168246 642617.8647834538 155548.08951971124 424222.06232648535 62847.71293725708 656757.5221393381 4713.578470294338 42422.206232648474 157119.28234314264 329950.49292059965 61276.52011382566 463501.882912271 226251.76657412545 
1322942.085013336 98984.90986413638 45564.99790022515 1170537.6594057004 713320.5477871551 595481.086029798 86416.37532801321 666184.7630842122 0 1425069.527531736 505923.0950942067 1319799.7021666162 779310.6463712751 160260.6739392932 1359079.4877506162 18854.48188974834 1382647.359101016 1110832.3321153063 573484.3865017581 194826.91605478447 457216.1175678325 1434496.6760718965 1264809.228811586 630047.3281452894 1236527.7579898203 722747.7047277436 669327.148731075 895578.9153052006 740030.8257854894 1052698.1976483432 14140.861417311256 4713.620472437088 991421.6775345177 141406.36005811614 1200390.3230508976 204254.07299537302 1203532.7086977605 584482.7362657781 1338653.999246936 215252.42275939297 1173680.0450525633 848443.1306022578 760456.3324900978 999277.6416516748 873582.2157771606 1346509.956363736 535775.7587394038 941143.507184712 1206675.0943446232 267101.78593263 1234956.5651663889 834302.3951913749 952141.856948732 576626.7721486209 388083.63333684974 9427.240944874176 476070.4314490096 14140.861417311256 1387360.9333710962 697608.6195528407 158689.48111586177 532633.373092541 589196.3147360723 1156396.9239948173 1003991.220121969 853156.7090725519 1272665.192928743 89558.7889763046 832731.2023679435 705464.583669998 153975.9026455675 1123401.8747027575 1113974.717762169 1360650.6791739762 1069981.318706089 80131.54803143043 36137.75695535098 1233385.3723429574 681896.6913185265 972567.3636533405 1286805.9283396262 36136.44088821254 273386.55722635565 238820.31511086435 221537.1940531187 942714.7000081433 672469.534377938 1120259.4890558945 1308802.6278676658 510636.673564501 1090406.8254106976 729032.4760214692 9427.240944874156 670898.3415545066 623762.5568515637 509065.4807410696 336234.2701636127 727461.2831980379 202682.88017194162 439932.9965100868 
102127.44251839997 1524054.4373957813 1470634.5254319613 254531.86812603576 711748.979744581 829588.4415019382 1511485.9028597495 758884.764447524 1425069.527531736 0 919146.4324375294 105269.82536511996 645758.8811604611 1264808.8535924435 65990.03978111997 1443924.0094214843 42422.168430720056 314237.19541643 851585.1410299782 1230242.611476952 967853.4099639038 9427.148540160195 160260.29872015014 795022.1993864469 188541.76954191583 702321.8228039925 755742.3788006612 529490.6122265354 685038.7017462468 372371.3298833928 1410928.6661144248 1429783.1480041733 433647.84999721847 1283663.1674736207 224679.2044808386 1220815.4545363637 221536.8188339758 840586.7912659582 86415.52828479998 1209817.1047723435 251389.4824791729 576626.3969294784 664613.1950416383 425791.88588006137 551487.3117545756 78559.57116799998 889293.7687923324 483926.0203470242 218394.43318711297 1157967.7415991065 190112.96236534725 590767.1323403611 472927.67058300413 848442.7553831154 1036985.8941948866 1434496.7684766103 948999.0960827266 1439210.3889490475 37708.59416063996 727460.9079788955 1266380.046415875 892436.1544391952 835873.2127956639 268672.6035369187 421078.3074097671 571912.8184591841 152404.33460299304 1514628.3165080408 592338.3251637926 719604.9438617382 1271093.6248861693 301667.65282897867 311094.80976956716 64418.84835775993 355088.20882564713 1505201.0755631665 1461207.284487087 191684.15518877868 743172.8362132095 452502.16387839563 138263.5991921101 1388933.086643526 1151682.9703053809 1186249.212420872 1203532.3334786177 482354.8275235928 752599.9931537983 304810.03847584146 116266.89966407024 914432.8539672353 334662.70212103863 696037.051510267 1415642.2865868618 754171.1859772296 801306.9706801724 916004.0467906668 1088835.2573681236 697608.2443336983 1222386.647359795 985136.5310216495 
817018.9899191295 604908.0049582635 551488.0929944318 664614.5643114938 207397.45269294843 89557.99093559137 592339.47042222 160261.66799000555 505923.0950942067 919146.4324375294 0 813876.6070724095 273387.5512770684 345662.42115491396 853156.3926564095 524777.5769839551 876724.2640068094 604909.2370210995 67561.29140755141 311096.1790394226 48706.97752637423 928573.5809776897 758886.1337173794 124124.23305108275 730604.6628956137 216824.60963353695 163404.05363686837 389655.820210994 234107.73069128272 546775.1025541368 491782.2336768955 510636.7155666438 485498.58244031103 364516.7350360911 694467.227956691 301669.022098834 697609.6136035537 78559.64117157135 832730.9041527295 290670.67233481404 667756.9499583567 342520.0355080511 254533.23739589116 493354.54655746813 367659.120682954 840586.8612695294 29852.66364519712 435220.4120905053 700751.9992504165 238821.30916157688 729033.4700721822 328379.3000971683 446218.7618545254 70703.67705441425 117839.46175735703 515350.33603908087 29852.66364519712 520063.95651151804 881437.8382768895 191685.52445863409 347233.6139783454 26710.277998334284 83273.21964186568 650473.8289006108 498068.1250277624 347233.61397834535 766742.0978345365 595481.8840705113 326808.1072737369 199541.48857579133 351947.19244863966 617478.7796085508 608051.6226679623 854727.5840797696 564058.2236118823 586054.6431256372 542060.8520495577 727462.2772487508 175973.5962243199 466644.2685591338 780882.8332454194 469786.65420599666 232536.5378678512 267102.7799833426 284385.9010410883 436791.60491393675 166546.4392837313 614336.393961688 802879.5327734593 4713.578470294297 584483.7303164909 223109.38092726262 496495.8541493326 164975.24646029988 117839.46175735707 3142.3856468628787 169688.82493059413 221538.1881038312 303240.21492226544 65990.09858411991 
3142.382846719983 1418784.612030662 1365364.7000668414 149262.0427609158 606479.1543794611 724318.6161368182 1406216.0774946294 653614.939082404 1319799.7021666162 105269.82536511996 813876.6070724095 0 540489.0557953411 1159539.0282273234 39279.78558399999 1338654.1840563645 62847.6569343999 208967.37005131005 746315.3156648582 1124972.7861118321 862583.5845987838 114696.97390528016 54990.47335503018 689752.3740213268 83271.94417679588 597051.9974388726 650472.5534355412 424220.78686141554 579768.8763811268 267101.5045182728 1305658.840749305 1324513.3226390532 328378.0246320985 1178393.3421085007 119409.37911571866 1115545.6291712436 116266.99346885583 735316.9659008381 18854.29708031998 1104547.2794072235 146119.65711405294 471356.5715643585 559343.3696765184 320522.0605149414 446217.4863894556 26710.25419711998 784023.9434272124 378656.19498190423 113124.60782199299 1052697.9162339864 84843.1370002273 485497.3069752412 367657.84521788417 743172.9300179954 931716.0688297667 1329226.9431114902 843729.2707176066 1333940.5635839275 67561.23120448 622191.0826137754 1161110.221050755 787166.3290740752 730603.3874305439 163402.77817179874 315808.48204464716 466642.9930940642 47134.50923787309 1409358.4911429207 487068.4997986726 614335.1184966182 1165823.799521049 196397.82746385867 205824.9844044472 40850.97700736002 249818.38346052717 1399931.2501980467 1355937.4591219672 86414.32982365871 637903.0108480897 347232.3385132757 32993.77382699017 1283663.2612784063 1046413.1449402608 1080979.387055752 1098262.5081134979 377085.00215847284 647330.1677886783 199540.21311072152 10997.074298950363 809163.0286021152 229392.87675591864 590767.226145147 1310372.461221742 648901.3606121097 696037.1453150525 810734.2214255467 983565.4320030037 592338.4189685783 1117116.821994675 879866.7056565295 
543631.4386420612 878295.5562353258 824875.6442715002 391227.0130344254 65990.09858411991 183829.560341477 865727.0216992882 113125.88328706281 779310.6463712751 645758.8811604611 273387.5512770684 540489.0557953411 0 619049.9724319823 579768.8413793412 798165.1282610233 603336.7127297411 331521.68574403116 205826.25986951694 584483.7303164909 322094.52880344255 655186.0297006214 485498.58244031103 149263.3182259856 457217.1116185453 56562.941643531405 109983.49764019997 116268.26893392565 39279.82058578564 273387.5512770684 765169.7849539637 784024.2668437121 212111.03116324267 637904.2863131595 421079.67667962256 575056.5733759024 424222.06232648535 194827.910105497 559343.3528756611 564058.2236118823 394369.39868128824 69132.48423098275 18854.31388117719 219966.99528039977 94271.56940588563 567199.3099924612 243534.88763187124 161832.86081343697 427364.44797334826 512208.86043864524 455645.9187951139 54991.74882009999 172831.21057745707 202683.8742226541 391227.0130344254 788737.8873161492 303240.2149222655 793451.5077885863 608050.2869998212 81702.02681843427 620621.1652554137 246677.27327873406 190114.33163520266 377086.2776235425 224680.57375069405 73846.06270127701 493354.54655746813 868869.4353475795 53420.55599666857 73846.06270127701 625334.743725708 344091.2283314825 334664.071390894 581340.0328027012 290670.67233481404 859442.1944027053 815448.403326626 454074.72597168246 97413.95505274845 193256.71728206548 507495.28196835105 743174.2054830651 505924.08914491953 540490.331260411 557773.4523181566 163404.05363686837 106841.11199333705 340948.84268461965 529491.9814963909 268673.9728067741 311096.1790394226 50278.170349805725 769883.4054264008 108412.30481676848 155548.0895197113 270245.1656302055 443076.37620766246 51849.36317323715 576627.7661993338 339377.64986118826 
1162681.4110740435 259245.58380337572 205825.6718395182 1010276.9854664077 553059.8738478624 435220.4120905053 246677.0492673062 505924.0891449195 160260.6739392932 1264808.8535924435 345662.42115491396 1159539.0282273234 619049.9724319823 0 1198818.8138113236 179115.15582904147 1222386.6851617233 950571.6581760134 413223.7125624654 34566.2421154914 296955.44362853974 1274236.0021326037 1104548.5548722933 469786.65420599666 1076267.0840505275 562487.0307884509 509066.4747917823 735318.241365908 579770.1518461966 892437.5237090507 146119.812521982 164974.29441173025 831161.003595225 18854.313881177128 1040129.6491116048 43993.39905607995 1043272.0347584677 424222.06232648535 1178393.3253076435 54991.74882009994 1013419.3711132705 688182.456662965 600195.6585508051 839016.9677123821 713321.5418378679 1186249.2824244434 375515.0848001111 780882.8332454192 1046414.4204053305 106841.11199333708 1074695.891227096 674041.7212520823 791881.1830094394 416366.09820932825 227822.95939755693 169687.91488416735 315809.75750971684 174401.5353566044 1227100.2594318036 537347.945613548 1571.1928234314394 372372.6991532482 428935.6407967796 996136.2500555248 843730.5461826763 692896.0351332594 1112404.5189894505 249819.46291559754 672470.5284286509 545203.9097307053 6284.771293725716 963141.2007634648 953714.0438228763 1200390.0052346834 909720.6447667964 240392.22197072342 196398.43089464406 1073124.6984036649 521636.01737923385 812306.6897140478 1126545.2544003334 124124.23305108276 113125.88328706274 78559.64117157135 61276.52011382566 782454.0260688507 512208.86043864524 959998.815116602 1148541.9539283733 350375.99962520826 930146.1514714048 568771.8020821766 150833.43299441907 510637.66761521384 463501.882912271 348804.80680177687 175973.59622431983 567200.6092587451 42422.20623264853 279672.32257079403 
36137.402737280005 1458064.3976146616 1404644.4856508414 188541.82834491576 645758.9399634611 763598.4017208181 1445495.8630786294 692894.724666404 1359079.4877506162 65990.03978111997 853156.3926564095 39279.78558399999 579768.8413793412 1198818.8138113236 0 1377933.9696403646 23567.871350399913 248247.15563531002 785595.1012488581 1164252.5716958323 901863.3701827838 75417.18832128016 94270.25893903017 729032.1596053267 122551.72976079588 636331.7830228726 689752.3390195412 463500.57244541554 619048.6619651268 306381.2901022729 1344938.626333305 1363793.1082230534 367657.8102160985 1217673.1276925006 158689.16469971868 1154825.4147552436 155546.77905285583 774596.7514848382 20425.48850368001 1143827.0649912234 185399.44269805294 510636.3571483584 598623.1552605184 359801.8460989414 485497.27197345556 12569.531386880013 823303.7290112124 417935.98056590423 152404.39340599297 1091977.7018179866 124122.92258422729 524777.0925592412 406937.63080188417 782452.7156019954 970995.8544137666 1368506.7286954904 883009.0563016067 1373220.3491679274 28281.445620480008 661470.8681977754 1200390.0066347548 826446.1146580753 769883.173014544 202682.5637557987 355088.26762864715 505922.7786780642 86414.29482187307 1448638.2767269206 526348.2853826727 653614.9040806182 1205103.5851050492 235677.61304785867 245104.7699884472 1571.1914233600326 289098.16904452717 1439211.0357820466 1395217.2447059671 125694.11540765871 677182.7964320896 386512.1240972757 72273.55941099014 1322943.0468624062 1085692.9305242607 1120259.172639752 1137542.2936974978 416364.78774247284 686609.9533726783 238819.99869472152 50276.85988295028 848442.8141861153 268672.6623399186 630047.0117291469 1349652.246805742 688181.1461961097 735316.9308990524 850014.0070095467 1022845.2175870037 631618.2045525783 1156396.607578675 919146.4912405295 
1341796.5669030845 80130.42797441136 26710.51601047681 1189392.1412954486 732175.0296769035 614335.5679195464 67561.89343826487 685039.2449739606 18854.48188974834 1443924.0094214843 524777.5769839551 1338654.1840563645 798165.1282610233 179115.15582904147 1377933.9696403646 0 1401501.8409907643 1129686.8140050545 592338.8683915065 213681.39794453277 476070.59945758095 1453351.1579616445 1283663.7107013343 648901.8100350378 1255382.2398795686 741602.1866174919 688181.6306208234 914433.397194949 758885.3076752377 1071552.6795380916 32995.34330705959 14140.861417311251 1010276.159424266 160260.8419478644 1219244.8049406458 223108.5548851213 1222387.1905875087 603337.2181555264 1357508.4811366845 234106.90464914127 1192534.5269423116 867297.612492006 779310.8143798461 1018132.123541423 892436.697666909 1365364.4382534844 554630.2406291522 959997.9890744602 1225529.5762343716 285956.2678223783 1253811.0470561371 853156.8770811233 970996.3388384803 595481.2540383694 406938.11522659817 9427.240944874162 494924.91333875793 4713.620472437083 1406215.4152608444 716463.1014425891 177543.96300561 551487.8549822894 608050.7966258207 1175251.4058845658 1022845.7020117173 872011.1909623003 1291519.6748184913 70704.30708655626 851585.684257692 724319.0655597463 172830.38453531577 1142256.356592506 1132829.1996519172 1379505.1610637247 1088835.8005958374 61277.0661416821 17283.275065602647 1252239.8542327057 700751.1732082749 991421.8455430887 1305660.4102293744 54990.92277795995 292241.03911610396 257674.79700061266 240391.675942867 961569.1818978917 691324.0162676864 1139113.970945643 1327657.1097574143 529491.1554542495 1109261.3073004459 747886.9579112176 28281.722834622495 689752.8234442549 642617.0387413121 527919.962630818 355088.75205336104 746315.7650877861 221537.3620616899 458787.4783998352 
59705.274087679914 1481632.2689650615 1428212.3570012413 212109.69969531568 669326.811313861 787166.2730712182 1469063.7344290293 716462.5960168039 1382647.359101016 42422.168430720056 876724.2640068094 62847.6569343999 603336.7127297411 1222386.6851617233 23567.871350399913 1401501.8409907643 0 271815.0269857099 809162.9725992581 1187820.443046232 925431.2415331837 51849.31697088025 117838.13028943008 752600.0309557267 146119.60111119578 659899.6543732724 713320.2103699411 487068.44379581546 642616.5333155267 329949.16145267274 1368506.4976837048 1387360.9795734533 391225.6815664984 1241240.9990429007 182257.03605011856 1178393.2861056435 179114.65040325574 798164.6228352382 43993.35985407992 1167394.9363416233 208967.31404845286 534204.2284987584 622191.0266109183 383369.7174493413 509065.1433238555 36137.402737279925 846871.6003616123 441503.85191630415 175972.2647563929 1115545.5731683865 147690.7939346272 548344.9639096411 430505.5021522841 806020.5869523953 994563.7257641666 1392074.6000458903 906576.9276520066 1396788.2205183273 4713.574270080097 685038.7395481754 1223957.8779851547 850013.9860084752 793451.0443649438 226250.43510619865 378656.1389790471 529490.650028464 109982.16617227299 1472206.1480773205 549916.1567330725 677182.7754310181 1228671.456455449 259245.4843982586 268672.6413388471 21996.679927039877 312666.0403949271 1462778.9071324465 1418785.116056367 149261.98675805863 700750.6677824896 410079.99544767564 95841.43076139006 1346510.918212806 1109260.801874661 1143827.043990152 1161110.1650478977 439932.6590928727 710177.8247230782 262387.8700451214 73844.73123335019 872010.6855365152 292240.5336903185 653614.8830795469 1373220.1181561418 711749.0175465096 758884.8022494523 873581.8783599467 1046413.0889374036 655186.0759029783 1179964.478929075 942714.3625909294 
212109.75289803 1209817.2419793534 1156397.3300155313 59705.32729039424 397511.7843281511 515351.24608550814 1197248.7074433193 444647.569031094 1110832.3321153063 314237.19541643 604909.2370210995 208967.37005131005 331521.68574403116 950571.6581760134 248247.15563531002 1129686.8140050545 271815.0269857099 0 537347.945613548 916005.4160605221 653616.2145474738 323664.34395659016 153976.89669627987 480785.0039700168 125695.42587451416 388084.62738756253 441505.1833842312 215253.41681010553 370801.5063298168 58134.13446696282 1096691.4706979948 1115545.9525877433 119410.65458078848 969425.9720571907 89557.99093559137 906578.2591199336 92700.3765824542 526349.5958495282 227821.66713163 895579.9093559135 62847.71293725708 262389.20151304844 350375.9996252084 111554.6904636314 237250.11633814554 235677.62424843002 575056.5733759024 169688.82493059422 95842.76222931704 843730.5461826766 124124.23305108275 276529.9369239312 158690.47516657412 534205.5599666853 722748.6987784565 1120259.5730601803 634761.9006662966 1124973.1935326175 276528.60125579004 413223.71256246546 952142.8509994448 578198.9590227653 521636.01737923385 45564.59187951131 106841.11199333714 257675.62304275416 161832.86081343697 1200391.1210916108 278101.12974736263 405367.7484453082 956856.4294697393 12569.542587451351 3142.385646862838 249818.34705867004 40851.013409217136 1190963.8801467365 1146970.0890706573 122553.04022765132 428935.6407967796 138264.96846196568 175973.5962243199 1074695.891227096 837445.7748889509 872012.0170044422 889295.1380621878 168117.6321071628 438362.7977373682 9427.156940588513 197970.29575235976 600195.6585508052 20425.506704608608 381799.8560938369 1101405.0911704318 439933.99056079966 487069.7752637425 601766.8513742366 774598.0619516937 383371.04891726834 908149.4519433649 670899.3356052195 
749457.6985115783 672469.296365813 619049.3844019833 597053.2729039424 139836.16128539701 21996.699528039946 659900.7618297713 92700.37658245412 573484.3865017581 851585.1410299782 67561.29140755141 746315.3156648582 205826.25986951694 413223.7125624654 785595.1012488581 592338.8683915065 809162.9725992581 537347.945613548 0 378657.470446974 116268.26893392565 861012.2895701383 691324.8423098279 56562.94164353132 663043.3714880623 149263.3182259855 95842.76222931696 322094.52880344255 166546.4392837313 479213.81114658527 559343.5250844469 578198.0069741951 417937.2910327596 432078.0264436425 626905.9365491394 369230.3135063854 630048.3221960024 10998.349764019931 765169.6127451782 358231.9637423654 600195.6585508052 274958.74410049967 186971.94598833975 425793.25514991675 300097.82927540253 773025.5698619782 37708.6277623543 367659.1206829539 633190.7078428651 306382.6005691283 661472.1786646309 260818.00868961692 378657.470446974 3142.385646862838 185400.75316490844 582911.6274466324 97413.95505274854 587625.2479190694 813876.5468693381 124124.23305108266 414794.90538589685 40851.013409217136 15711.92823431427 582912.5374930594 430506.833620211 279672.3225707939 699180.8064269851 663043.1754780627 259246.8158661855 131980.19716823992 419508.4838561911 549917.4882009994 540490.331260411 787166.2926722182 496496.932204331 653615.9345331886 609622.1434571091 659900.9858411994 108412.30481676848 399082.9771515824 713321.5418378679 537347.9456135482 300097.82927540265 334664.071390894 351947.1924486397 369230.3135063853 98985.14787617988 546775.1025541367 735318.2413659078 62847.71293725712 516922.4389089395 155548.0895197112 564057.145556884 97413.95505274847 50278.170349805645 64418.90576068854 237250.11633814554 153976.8966962798 370801.5063298168 133551.38999167134 
1128115.1689585522 293811.8259188617 240391.91395500954 975710.7433509163 518493.631732371 400654.16997501394 281243.2913827975 471357.8470294281 194826.91605478447 1230242.611476952 311096.1790394226 1124972.7861118321 584483.7303164909 34566.2421154914 1164252.5716958323 213681.39794453277 1187820.443046232 916005.4160605221 378657.470446974 0 262389.2015130483 1239669.7600171124 1069982.312756802 435220.4120905053 1041700.8419350362 527920.7886729595 474500.23267629097 700751.9992504165 545203.9097307053 857871.2815935592 180686.05463747328 199540.53652722156 796594.7614797335 53420.55599666853 1005563.4069961135 9427.156940588555 1008705.7926429763 389655.82021099393 1143827.0831921522 20425.506704608546 978853.1289977792 653616.2145474737 565629.4164353138 804450.7255968907 678755.2997223765 1151683.040308952 340948.84268461965 746316.5911299279 1011848.1782898391 72274.86987784567 1040129.6491116048 639475.479136591 757314.940893948 381799.85609383683 193256.71728206554 204254.15699965865 281243.5153942254 208967.77747209568 1192534.017316312 502781.7034980566 36137.43493892284 337806.45703775686 394369.39868128824 961570.0079400335 809164.3040671849 658329.793017768 1077838.276873959 284385.7050310889 637904.2863131595 510637.6676152139 40851.013409217114 928574.9586479735 919147.8017073849 1165823.763119192 875154.402651305 274958.4640862148 230964.67301013542 1038558.4562881734 487069.7752637425 777740.4475985564 1091979.012284842 158690.47516657415 78559.64117157135 43993.39905607995 26710.277998334263 747887.7839533594 477642.6183231539 925432.5730011106 1113975.711812882 315809.75750971684 895579.9093559134 534205.5599666853 185399.67510991034 476071.4254997224 428935.6407967796 314238.56468628545 141407.35410882844 532634.3671432538 7855.964117157135 245106.08045530264 
865725.9674455039 556201.027431891 502781.11546805763 713321.5418378679 256104.43021932268 138264.9684619656 543632.4928958457 208968.64551637977 457216.1175678325 967853.4099639038 48706.97752637423 862583.5845987838 322094.52880344255 296955.44362853974 901863.3701827838 476070.59945758095 925431.2415331837 653616.2145474738 116268.26893392565 262389.2015130483 0 977280.5585040641 807593.1112437536 172831.21057745698 779311.640421988 265531.58715991117 212111.03116324262 438362.7977373682 282814.70821765694 595482.0800805109 443075.2561505213 461929.7380402696 534205.5599666853 315809.75750971684 743174.2054830651 252962.04457245977 746316.5911299279 127266.61869794558 881437.8816791038 241963.6948084398 716463.9274847308 391227.0130344253 303240.2149222654 542061.5240838424 416366.0982093282 889293.8387959038 78559.64117157135 483927.3896168795 749458.9767767907 190114.33163520266 777740.4475985565 377086.2776235426 494925.73938089964 119410.65458078848 69132.4842309828 466643.35851270676 18854.31388117711 471356.9789851437 930144.8158032638 240392.5019850083 298526.6364519712 75417.25552470851 131980.19716823992 699180.8064269851 546775.1025541367 395940.59150471963 815449.0753609106 546774.906544137 375515.08480011113 248248.46610216558 303240.21492226544 666185.7571349251 656758.6001943366 903434.5616061438 612765.2011382566 537347.665599263 493353.8745231835 776169.2547751251 224680.57375069414 515351.2460855081 829589.8107717937 421079.6766796225 183829.560341477 218395.80245696838 235678.92351471406 485498.582440311 215253.41681010553 663043.3714880623 851586.5102998336 53420.555996668525 633190.7078428651 271816.3584536369 447788.8766229584 213682.2239866741 166546.4392837313 51849.36317323711 120981.84740421991 270245.1656302054 254533.2373958912 17283.121057745688 
111554.59105856017 1533481.5859359414 1480061.6739721214 263959.01666619594 721176.1282847413 839015.5900420983 1520913.0513999097 768311.9129876841 1434496.6760718965 9427.148540160195 928573.5809776897 114696.97390528016 655186.0297006214 1274236.0021326037 75417.18832128016 1453351.1579616445 51849.31697088025 323664.34395659016 861012.2895701383 1239669.7600171124 977280.5585040641 0 169687.44726031032 804449.347926607 197968.918082076 711748.9713441528 765169.5273408212 538917.7607666957 694465.8502864069 381798.478423553 1420355.8146545852 1439210.2965443335 443074.9985373787 1293090.316013781 234106.35302099882 1230242.6030765239 230963.96737413597 850013.9398061184 95842.67682496017 1219244.253312504 260816.6310193331 586053.5454696387 674040.3435817985 435219.0344202216 560914.4602947357 87986.71970816018 898720.9173324927 493353.16888718435 227821.58172727315 1167394.8901392666 199540.11090550746 600194.2808805214 482354.8191231643 857869.9039232755 1046413.0427350467 1443923.9170167705 958426.2446228868 1448637.5374892077 47135.74270080015 736888.0565190556 1275807.1949560351 901863.3029793553 845300.361335824 278099.75207707885 430505.45594992733 581339.9669993443 161831.48314315325 1524055.465048201 601765.4737039527 729032.0924018983 1280520.7734263293 311094.8013691388 320521.9583097273 73845.99689792014 364515.3573658073 1514628.2241033267 1470634.4330272472 201111.30372893886 752599.9847533698 461929.3124185559 147690.7477322703 1398360.2351836863 1161110.118845541 1195676.3609610323 1212959.482018778 491781.97606375295 762027.1416939584 314237.18701600167 125694.04820423044 923860.0025073955 344089.8506611988 705464.2000504271 1425069.4351270222 763598.3345173898 810734.1192203326 925431.1953308268 1098262.405908284 707035.3928738585 1231813.7958999553 994563.6795618096 
